-4 -4 -23.2992114648
-4 -3 -15.0474074043
-4 -2 -5.8248028662
-4 -1 4.3686021496
-4 0 15.5328076432
-4 1 27.6678136144
-4 2 40.7736200633
-4 3 54.8502269900
-4 4 69.8976343943
-3 -4 -25.2036184578
-3 -3 -17.0294719310
-3 -2 -7.4929676496
-3 -1 3.4058943862
-3 0 15.6671141765
-3 1 29.2906917212
-3 2 44.2766270205
-3 3 60.6249200742
-3 4 78.3355708824
-2 -4 -20.3604805122
-2 -3 -14.4220070295
-2 -2 -6.7868268374
-2 -1 2.5450600640
-2 0 13.5736536748
-2 1 26.2989539949
-2 2 40.7209610243
-2 3 56.8396747631
-2 4 74.6550952113
-1 -4 -8.6447744730
-1 -3 -6.7237134790
-1 -2 -2.8815914910
-1 -1 2.8815914910
-1 0 10.5658354670
-1 1 20.1711404370
-1 2 31.6975064010
-1 3 45.1449333591
-1 4 60.5134213111
0 -4 8.0000000000
0 -3 5.0000000000
0 -2 4.0000000000
0 -1 5.0000000000
0 0 8.0000000000
0 1 13.0000000000
0 2 20.0000000000
0 3 29.0000000000
0 4 40.0000000000
1 -4 25.9343234190
1 -3 18.2500794430
1 -2 12.4868964610
1 -1 8.6447744730
1 0 6.7237134790
1 1 6.7237134790
1 2 8.6447744730
1 3 12.4868964610
1 4 18.2500794430
2 -4 40.7209610243
2 -3 29.6923674136
2 -2 20.3604805122
2 -1 12.7253003201
2 0 6.7868268374
2 1 2.5450600640
2 2 0.0000000000
2 3 -0.8483533547
2 4 0.0000000000
3 -4 48.3637002839
3 -3 36.1024804936
3 -2 25.2036184578
3 -1 15.6671141765
3 0 7.4929676496
3 1 0.6811788772
3 2 -4.7682521407
3 3 -8.8553254041
3 4 -11.5800409131
4 -4 46.5984229295
4 -3 35.4342174360
4 -2 25.2408124202
4 -1 16.0182078820
4 0 7.7664038216
4 1 0.4854002388
4 2 -5.8248028662
4 3 -11.1642054935
4 4 -15.5328076432